index 1 0.004341109411183384
United_States_09d4 2 0.0003505277116698117
Geographic_coordinate_system 3 0.00028095405434889554
Biography 4 0.00023759846111489672
2007 5 0.00020574051627192651
France 6 0.00014773107834158594
2008 7 0.00013046264896083163
United_Kingdom_5ad7 8 0.000129273168709297
Biological_classification 9 0.00012902857692045547
Music_genre 10 0.00012608820196998515
Record_label 11 0.00012563901710480212
England 12 0.00011333101960051552
2006 13 0.00011320211401282191
Canada 14 9.761159644558473e-05
2005 15 9.030872595641518e-05
Internet_Movie_Database_7ea7 16 8.891265313628757e-05
Binomial_nomenclature 17 8.386723522909372e-05
India 18 7.87953028080256e-05
Australia 19 7.862925987093859e-05
Personal_name 20 7.732584487445694e-05
Germany 21 7.56588223715257e-05
Departments_of_France_f3ab 22 7.295866207827028e-05
Studio_album 23 7.173283844924583e-05
Village 24 6.757987132848838e-05
2004 25 6.75267054425996e-05
Japan 26 6.562443528331445e-05
Football_%28soccer%29 27 6.5322910615779e-05
Record_producer 28 6.455672557995851e-05
English_language 29 5.700278191073428e-05
2003 30 5.5113554932087755e-05
Conservation_status 31 5.500710912458213e-05
Politician 32 5.473266091142446e-05
Population_density 33 4.8471205252012886e-05
2001 34 4.845366240283147e-05
London 35 4.830118371084852e-05
Animal 36 4.825219940907423e-05
Europe 37 4.783951964259585e-05
Italy 38 4.751378942585308e-05
World_War_II_d045 39 4.710164165859088e-05
Album 40 4.676073045479621e-05
Website 41 4.654650979972688e-05
2002 42 4.576764103930284e-05
Romania 43 4.543001146841574e-05
Wiktionary 44 4.542064637652335e-05
Metre 45 4.5325851052965355e-05
1999 46 4.215750866614332e-05
2000 47 4.204716895263298e-05
Time_zone 48 4.2007641388929773e-05
Public_domain 49 4.0745162475806494e-05
Plant 50 3.9409649689074595e-05
Square_mile 51 3.829204721861528e-05
Spain 52 3.794616569700374e-05
Elevation 53 3.7933111665548747e-05
Actor 54 3.7757981439443066e-05
Area 55 3.717801031830536e-05
Square_kilometer 56 3.669249167525641e-05
1998 57 3.570540888359669e-05
Television 58 3.547767394437314e-05
Digital_object_identifier 59 3.5381576579242906e-05
Population 60 3.5290944688223436e-05
New_York_City_1428 61 3.529076200518703e-05
Poland 62 3.528530232612197e-05
New_York_3da4 63 3.507268697206111e-05
Flowering_plant 64 3.472873604141598e-05
California 65 3.466397002771845e-05
Sweden 66 3.4640855003958374e-05
Scotland 67 3.459817179647575e-05
Film 68 3.408156766658946e-05
China 69 3.3885302652694584e-05
Norway 70 3.3583300609846437e-05
Animalia 71 3.315169384099344e-05
Russia 72 3.269876319769947e-05
1997 73 3.2442166721387434e-05
Brazil 74 3.2430696299099e-05
1996 75 3.141831966586029e-05
List_of_countries 76 3.0823923230490626e-05
New_Zealand_2311 77 3.059455794934465e-05
Chordata 78 3.056142943194425e-05
All_Music_Guide_0e49 79 2.9775581300440463e-05
Foot_%28unit_of_length%29 80 2.9774904987472375e-05
Writer 81 2.9709226157641584e-05
Netherlands 82 2.9138472346494137e-05
1995 83 2.8987313178565792e-05
Census 84 2.8942272136004566e-05
Building 85 2.8932968370667775e-05
School 86 2.8595950480983666e-05
Tributary 87 2.852826073696449e-05
Ireland 88 2.824243385682819e-05
Magnoliopsida 89 2.8039738894642852e-05
Endemism 90 2.6434263844758685e-05
1994 91 2.6266273801581816e-05
Rock_music 92 2.5954877062212772e-05
Poet 93 2.5588966565851147e-05
Single_%28music%29 94 2.5408684615289316e-05
1982 95 2.532676143605578e-05
1992 96 2.5209514292375626e-05
USA_f75d 97 2.5148167306423426e-05
1991 98 2.511814565568659e-05
1990 99 2.4812857574154646e-05
Paris 100 2.4711461720605787e-05
